Volume:         4458.8459578500
Pressure:          0.0000000000
Energy:                                      -1495.5225920598
Enthalpy:                                    -1495.5225920598
Stress:       0.00000   0.00000   0.00000   0.00000   0.00000   0.00000
Volume:         4458.8459578500
Pressure:          0.0000000000
Energy:                                      -1495.5225920599
Enthalpy:                                    -1495.5225920599
Stress:       0.00000   0.00000   0.00000   0.00000   0.00000   0.00000
