Volume:           14.7135503803
Pressure:         -0.0000004302
Energy:                                        -16.7109321765
Enthalpy:                                      -16.7109321765
Stress:       0.00000   0.00001  -0.00001  -0.00001  -0.00000   0.00000
Volume:           14.7135502178
Pressure:         -0.0000003632
Energy:                                        -16.7109321765
Enthalpy:                                      -16.7109321765
Stress:       0.00000   0.00001  -0.00001  -0.00001  -0.00000   0.00000
