Volume:           31.8375331010
Pressure:         -0.0000000568
Energy:                                        -43.3432879725
Enthalpy:                                      -43.3432879725
Stress:      -0.00000   0.00000  -0.00000   0.00000   0.00000   0.00000
Volume:           31.8375330257
Pressure:         -0.0000000306
Energy:                                        -43.3432879725
Enthalpy:                                      -43.3432879725
Stress:      -0.00000   0.00000  -0.00000   0.00000   0.00000   0.00000
