Volume:           24.2384770520
Pressure:         -0.0000004739
Energy:                                        -59.3872010691
Enthalpy:                                      -59.3872010691
Stress:      -0.00000  -0.00000  -0.00000   0.00000  -0.00000   0.00000
Volume:           24.2384768542
Pressure:         -0.0000003994
Energy:                                        -59.3872010691
Enthalpy:                                      -59.3872010691
Stress:      -0.00000  -0.00000  -0.00000   0.00000  -0.00000   0.00000
