Volume:           35.9012205373
Pressure:          0.0000003895
Energy:                                        -54.6947826112
Enthalpy:                                      -54.6947826112
Stress:      -0.00000  -0.00000   0.00001   0.00000   0.00000   0.00000
Volume:           35.9012207825
Pressure:          0.0000003418
Energy:                                        -54.6947826113
Enthalpy:                                      -54.6947826113
Stress:      -0.00000  -0.00000   0.00001   0.00000   0.00000   0.00000
